100
478.15594 3.61433 1292.04183
490.18163 1.24046 1960.94687
386.63636 1.19732 637.86251
216.94524 1.69181 104.92070
279.11643 3.72031 88.60032
242.50456 2.9882 1613.0
1.07597 3.82600 1999.24830
144.0 4.0 1353.0
1.12840 3.60588 3.06698
380.48271 1.7673 1867.13
494.05662 1.26231 1941.42499
361.0 3.0 1439.0
497.80289 1.34166 1962.29746
102.51168 2.07679 875.93360
494.07234 1.46255 1962.46937
498.88233 1.44208 1909.50685
349.70936 1.41046 506.07814
298.00000 3.00000 340.00000
494.71997 1.46545 1972.65475
490.42903 1.33747 1924.15521
495.18808 1.24868 1988.08837
49.00000 2.00000 98.00000
494.50669 1.20436 1994.44526
493.75346 1.40839 1919.28566
48.0 4.0 455.0
498.93214 1.33224 1989.35318
484.00000 4.00000 526.00000
141.27016 3.14829 240.00015
123.8 2.769 998.128
497.76345 1.25746 1939.67679
472.07781 2.05190 1841.86167
91.0 4.000 995.36
396.00000 2.00000 792.00000
70.0 3.8 1745.632
494.00352 1.00394 1964.56070
185.46534 1.82592 1079.45096
365.62 1.4 1.0
90.38142 1.46023 1196.45624
175.13113 1.412 191.85
248.0 2.0 394.0
81.88579 3.05608 414.72283
490.77304 1.05981 1937.82713
316.00000 2.00000 632.00000
325.089 1.2 137.92949
496.89184 1.05902 1910.83250
351.82 1.903 1220.4079
6.99 1.0000 1773.3524
491.74700 1.39062 1962.17797
25.0 4.0 609.0
497.87846 1.29526 1943.89042
294.1 2.72073 1526.7
490.92162 1.46424 1947.65634
496.34672 1.43473 1910.08925
122.1 3.3 252.89
491.92508 1.00379 1932.15647
60.0 2.0 1825.0
500.00000 2.739 272.95
402.0 2.0 585.0
1.01708 3.56216 1999.79846
215.0 2.0 1694.0
445.46519 1.55554 1108.11871
367.00000 4.00000 377.00000
213.48 1.0 1194.5
176.0 1.3276 1655.96040
497.03791 1.08586 1964.80273
491.14677 1.39761 1955.82437
217.72467 2.58160 1951.25301
1.08351 3.60532 1999.10554
233.14384 2.99572 1367.50209
289.0 4.0 1343.0
1.000 2.2635 914.090
348.89504 3.494 2000.00
342.0 3.0 1300.0
38.00000 2.00000 76.00000
495.97591 1.28842 1990.17990
491.72616 1.11123 1984.98014
498.56271 1.10509 1929.74975
492.82276 1.38379 1930.10988
494.42763 1.05246 1996.53255
1.01551 3.65120 1999.75717
11.0 1.0 55.0
491.00364 1.35019 1992.16004
491.33280 1.09257 1932.55632
381.27067 1.81519 1936.09611
497.00475 1.22642 1916.31255
469.02691 2.51389 22.55763
491.95819 1.31378 1981.24786
351.00000 3.00000 393.00000
498.35104 1.01636 1960.17285
171.6 2.8934 755.48078
4.04602 2.66328 1903.47155
116.0 1.0 1812.0
176.81925 3.12239 635.05944
423.90756 3.76902 337.97016
491.71852 1.38424 1987.22510
498.06172 1.12994 1957.48370
415.0 4.0 460.0
311.0 2.0 321.0
47.97396 1.22553 1124.93947
494.92477 1.30306 1988.17475
